# Created by Octave 2.1.71, Tue Aug 23 10:39:56 2005 CEST <hermanek@staflik>
# name: h
# type: matrix
# rows: 512
# columns: 1
 3.25264406040354e-06
 3.19300602978223e-06
 3.13101709805912e-06
 3.06561096542161e-06
 2.99543133510273e-06
 2.91877033111076e-06
 2.83344215721268e-06
 2.73665649503868e-06
 2.62481147851784e-06
 2.49322670435748e-06
 2.3357648049817e-06
 2.14434972373175e-06
 1.90823363061212e-06
 1.61301182676255e-06
 1.23925140281003e-06
 7.60536976398227e-07
 1.40805694069523e-07
 -6.69299057574112e-07
 -1.73717287170559e-06
 -3.15396016780934e-06
 -5.04017394531987e-06
 -7.54767642904164e-06
 -1.08483998158462e-05
 -1.50849511288326e-05
 -2.02209248546133e-05
 -2.56370822057997e-05
 -2.90848613088233e-05
 -2.40115797287805e-05
 6.91876699235588e-06
 9.82119297869295e-05
 0.000961437538379592
 0.00344409370787092
 0.00505422262610111
 0.00504179978974506
 0.00433532177292094
 0.0034785749135874
 0.00274817939911562
 0.00223200237510716
 0.00186439220969391
 0.00157956899958046
 0.00135117359947322
 0.00116641068952947
 0.00100450679910493
 0.000861857042696884
 0.000737897139453784
 0.000626329873186932
 0.000520202819808899
 0.000420122961784424
 0.000326885692458155
 0.000240666319894205
 0.000160054753979969
 8.25475618745719e-05
 1.00162380750594e-05
 -5.63570519580182e-05
 -0.00011778720531462
 -0.000175688257856364
 -0.000230539030645425
 -0.000281747780277475
 -0.000329495830846358
 -0.000374525786850627
 -0.00041717418154812
 -0.000457442199863672
 -0.000495264825051937
 -0.000530668957413024
 -0.00056381506096416
 -0.000594845802618808
 -0.00062375287514234
 -0.000650506590405071
 -0.000675208103838375
 -0.000698018380271833
 -0.000719058197376079
 -0.00073839155910573
 -0.000756098789144367
 -0.000772298273245312
 -0.000787109560323546
 -0.000800635461297216
 -0.000812926895632098
 -0.000824024636025659
 -0.000833959620810022
 -0.000842775543082797
 -0.000850532890938859
 -0.00085728165655126
 -0.000863070568882161
 -0.000867951576737156
 -0.000871957448192146
 -0.000875124654806379
 -0.000877497700866524
 -0.000879111028818803
 -0.000880002699472914
 -0.000880209809625694
 -0.000879757816147191
 -0.000878684965105732
 -0.000877020482373793
 -0.000874790645673307
 -0.000872019762399978
 -0.000868729334348245
 -0.000864939478221524
 -0.000860670301443296
 -0.000855943679854811
 -0.000850780967240707
 -0.000845204788693974
 -0.000839237656815535
 -0.000832900631821478
 -0.00082621514430311
 -0.000819200748889935
 -0.000811876960846235
 -0.000804261468951178
 -0.00079637197105088
 -0.000788225277245224
 -0.000779836887480461
 -0.000771222365628758
 -0.000762396441513986
 -0.000753373033033143
 -0.000744165267813487
 -0.000734786395743756
 -0.000725248889764919
 -0.000715564021119914
 -0.00070574412247056
 -0.000695799430722867
 -0.000685740378827819
 -0.000675576695021195
 -0.000665318759213023
 -0.000654975350700367
 -0.000644554587617515
 -0.00063406572807965
 -0.000623516457021584
 -0.000612914716400403
 -0.000602266911823397
 -0.000591581078978784
 -0.000580863709563834
 -0.000570120689547751
 -0.000559358653490354
 -0.000548583621557976
 -0.000537800125696879
 -0.000527014820725892
 -0.000516231957972143
 -0.00050545657983056
 -0.000494693155899645
 -0.000483946490950446
 -0.000473220375592178
 -0.000462518954136177
 -0.000451845820543874
 -0.000441204925933219
 -0.00043059967445602
 -0.000420033385071296
 -0.000409508847339298
 -0.000399029228498409
 -0.000388597168922322
 -0.000378215243482371
 -0.000367886408267721
 -0.000357612650308575
 -0.000347396354518476
 -0.000337239398740871
 -0.000327144506038037
 -0.000317112988393869
 -0.000307146573570734
 -0.000297246945457549
 -0.000287416190355775
 -0.000277655446277983
 -0.000267966269474807
 -0.000258349729075273
 -0.000248807313314218
 -0.000239340024158597
 -0.00022994928352126
 -0.000220635582209827
 -0.000211399846111464
 -0.000202243377260209
 -0.000193166771606837
 -0.000184170787774504
 -0.000175256118561956
 -0.000166423347991226
 -0.000157673088021968
 -0.00014900579894511
 -0.000140422061198482
 -0.000131922214572081
 -0.000123506677455542
 -0.000115175765683507
 -0.000106929784569278
 -9.87690288842749e-05
 -9.06936491410655e-05
 -8.27038787063812e-05
 -7.4799897137135e-05
 -6.69817424422591e-05
 -5.92495827134829e-05
 -5.16033997160745e-05
 -4.40433065271933e-05
 -3.65692756725411e-05
 -2.91812324805839e-05
 -2.18792346210906e-05
 -1.46631110949731e-05
 -7.53287040366487e-06
 -4.8833805837297e-07
 6.47057039987964e-06
 1.33440753160539e-05
 2.01322613805318e-05
 2.68353495603426e-05
 3.34535146786271e-05
 3.99870207701413e-05
 4.64360401394457e-05
 5.28008347311016e-05
 5.90817088735855e-05
 6.52788298090158e-05
 7.13925442038416e-05
 7.74231051763416e-05
 8.33708536926602e-05
 8.92360376368373e-05
 9.50190377590847e-05
 0.000100720140733564
 0.000106339720556201
 0.000111878057616497
 0.000117335564647605
 0.000122712559785916
 0.000128009403404277
 0.000133226452316862
 0.000138364149138394
 0.000143422796807678
 0.000148402785987489
 0.000153304547809837
 0.000158128463540062
 0.000162874910826781
 0.000167544308483084
 0.000172137026129998
 0.000176653519559113
 0.00018109414979805
 0.000185459364488092
 0.00018974956150286
 0.000193965179748242
 0.000198106608796348
 0.000202174279672513
 0.000206168619043037
 0.000210090049425035
 0.000213938989390016
 0.000217715853761336
 0.000221421098372086
 0.000225055174252327
 0.000228618483272091
 0.000232111424343
 0.000235534438152365
 0.000238888050460014
 0.000242172557456145
 0.000245388478825409
 0.000248536238707926
 0.000251616213359404
 0.000254628911013021
 0.000257574744881019
 0.000260454125365178
 0.00026326750477178
 0.000266015309173794
 0.000268697974948604
 0.000271315939583834
 0.000273869628317039
 0.000276359476856256
 0.000278785922177426
 0.000281149393612526
 0.000283450326505668
 0.000285689144235595
 0.000287866289835555
 0.000289982185294211
 0.000292037263462178
 0.000294031954373573
 0.000295966689828538
 0.00029784189445852
 0.000299657999360085
 0.000301415428552345
 0.000303114617062535
 0.000304755988322219
 0.000306339963481114
 0.000307866974881448
 0.000309337438989374
 0.000310751792583889
 0.000312110447568173
 0.000313413836357159
 0.000314662375595258
 0.000315856488967608
 0.000316996602543228
 0.00031808312689422
 0.000319116493267243
 0.000320097112834482
 0.000321025408551518
 0.000321901796974834
 0.000322726697397982
 0.000323500527325579
 0.000324223702547281
 0.000324896641665628
 0.000325519757108053
 0.000326093459795503
 0.00032661817257557
 0.000327094303113728
 0.000327522266673218
 0.000327902472514388
 0.000328235337467048
 0.000328521272328048
 0.000328760686518645
 0.000328953983680106
 0.000329101584150155
 0.000329203888781976
 0.000329261310768188
 0.000329274257425349
 0.000329243134841378
 0.000329168347918126
 0.000329050304868641
 0.000328889408199418
 0.000328686072719987
 0.000328440689495213
 0.000328153671169815
 0.000327825415624734
 0.000327456328728631
 0.000327046815166264
 0.000326597269557599
 0.000326108099058156
 0.000325579705126094
 0.000325012479239429
 0.000324406825491764
 0.00032376314235489
 0.000323081831761552
 0.000322363281157571
 0.000321607899608044
 0.000320816072528179
 0.000319988202535895
 0.000319124686606471
 0.000318225911780464
 0.00031729227329379
 0.000316324165388051
 0.000315321985782049
 0.000314286117715749
 0.00031321696159194
 0.000312114898755903
 0.000310980323281176
 0.000309813628173573
 0.000308615196469444
 0.000307385419359164
 0.000306124682534454
 0.000304833370796937
 0.000303511876976261
 0.000302160574907853
 0.000300779860124572
 0.000299370109027339
 0.000297931706208268
 0.00029646503524877
 0.000294970478722593
 0.000293448413741462
 0.00029189922101313
 0.000290323284696101
 0.000288720974430117
 0.000287092668051512
 0.000285438751299827
 0.000283759595246628
 0.000282055570098759
 0.000280327054105812
 0.00027857441989752
 0.000276798039082733
 0.000274998286701683
 0.000273175527707986
 0.000271330135079221
 0.00026946247169516
 0.000267572912904094
 0.000265661823800383
 0.000263729563966342
 0.000261776505434458
 0.000259803005507086
 0.000257809429466938
 0.000255796141365798
 0.000253763499561909
 0.000251711861313473
 0.000249641591682306
 0.000247553040954317
 0.0002454465628914
 0.000243322523488031
 0.000241181269334471
 0.000239023150470686
 0.000236848524685517
 0.00023465774384891
 0.000232451149592735
 0.000230229091414772
 0.000227991921920578
 0.000225739983301094
 0.00022347361652579
 0.000221193170243287
 0.000218898987112256
 0.00021659139948099
 0.000214270751946867
 0.000211937383084004
 0.000209591630035751
 0.00020723382404758
 0.000204864303969609
 0.000202483393673365
 0.000200091433670093
 0.000197688749324705
 0.00019527566910702
 0.000192852524434605
 0.000190419631691999
 0.000187977319392051
 0.000185525909902696
 0.000183065728495311
 0.000180597085363793
 0.000178120307242402
 0.000175635705619333
 0.000173143594987629
 0.000170644292687781
 0.000168138109840053
 0.00016562535147946
 0.000163106330057677
 0.000160581351772582
 0.000158050725616602
 0.000155514749852475
 0.000152973725661465
 0.000150427961442775
 0.000147877750232993
 0.000145323387957263
 0.000142765173272187
 0.000140203402955182
 0.00013763835852677
 0.000135070342325546
 0.000132499636665835
 0.000129926526692076
 0.000127351300222123
 0.000124774243137021
 0.000122195630460389
 0.000119615748920746
 0.000117034869768943
 0.000114453275943509
 0.000111871239344907
 0.000109289030031305
 0.000106706920665424
 0.000104125181905033
 0.000101544077939738
 9.89638755409666e-05
 9.63848394527755e-05
 9.3807227928945e-05
 9.12313017832943e-05
 8.86573197808175e-05
 8.60855341751274e-05
 8.35162042157626e-05
 8.09495824832056e-05
 7.83859150294867e-05
 7.58254504291678e-05
 7.32684351711693e-05
 7.0715113653563e-05
 6.81657326351232e-05
 6.56205277172343e-05
 6.3079736998313e-05
 6.05436009228766e-05
 5.80123532204686e-05
 5.54862255039837e-05
 5.29654517219157e-05
 5.04502546409784e-05
 4.79408684145377e-05
 4.54375114061784e-05
 4.2940413361208e-05
 4.04497882304485e-05
 3.79658613419697e-05
 3.54888466817562e-05
 3.30189605525581e-05
 3.05564169707121e-05
 2.81014232092661e-05
 2.56541933109647e-05
 2.32149344289404e-05
 2.07838469729847e-05
 1.83611425794764e-05
 1.59470169392595e-05
 1.35416680601411e-05
 1.11453005778106e-05
 8.75810764347725e-06
 6.38027567351992e-06
 4.01200677659817e-06
 1.6534869822468e-06
 -6.95091036466236e-07
 -3.03355053159646e-06
 -5.36170350390808e-06
 -7.67936450426249e-06
 -9.98635508308822e-06
 -1.22824947267192e-05
 -1.45676099096307e-05
 -1.68415250306866e-05
 -1.91040670086365e-05
 -2.13550608181001e-05
 -2.35943429952899e-05
 -2.5821747971315e-05
 -2.80371037542911e-05
 -3.02402500348098e-05
 -3.24310289728322e-05
 -3.46092762769607e-05
 -3.67748348532692e-05
 -3.89275501920275e-05
 -4.10672748139294e-05
 -4.31938502899217e-05
 -4.53071344031927e-05
 -4.74069739633658e-05
 -4.94932319685465e-05
 -5.15657648762093e-05
 -5.3624436252166e-05
 -5.56691121573996e-05
 -5.76996566810914e-05
 -5.97159499000309e-05
 -6.1717860695849e-05
 -6.3705278376661e-05
 -6.56780853509862e-05
 -6.76361796957417e-05
 -6.95794613490018e-05
 -7.15078410243157e-05
 -7.34212399250729e-05
 -7.53195850078561e-05
 -7.72028311343507e-05
 -7.90709334866534e-05
 -8.09238832518906e-05
 -8.27616886806429e-05
 -8.45843834807136e-05
 -8.63920483048596e-05
 -8.8184804798803e-05
 -8.99628276495408e-05
 -9.1726365144298e-05
 -9.34757545920995e-05
