# Created by Octave 2.1.71, Tue Aug 23 10:39:56 2005 CEST <hermanek@staflik>
# name: h
# type: matrix
# rows: 512
# columns: 1
 3.63348189316422e-06
 3.5313241380036e-06
 3.41609676060829e-06
 3.28364698870365e-06
 3.12859697897159e-06
 2.94393465655626e-06
 2.72046664793549e-06
 2.44607550233703e-06
 2.1046941106439e-06
 1.67491310402456e-06
 1.12816656847561e-06
 4.26318522452535e-07
 -4.8120956292852e-07
 -1.66054952277329e-06
 -3.19545217410549e-06
 -5.18509584587455e-06
 -7.7292303357699e-06
 -1.08802024203048e-05
 -1.45116900343223e-05
 -1.79819195029474e-05
 -1.92850461237165e-05
 -1.29085236977146e-05
 1.55119260891296e-05
 9.54617406893756e-05
 0.000679452528539499
 0.004063465819899
 0.00530852956948622
 0.0046375706709862
 0.00362622841886462
 0.0035058981936143
 0.00477033373228621
 0.0051789655637742
 0.00461705531346807
 0.00375772820429028
 0.00294744303685139
 0.00229065126315495
 0.00175823286392515
 0.00134881914433371
 0.00103901291469013
 0.000767923122535257
 0.000520192750279265
 0.00032475397633603
 0.000176399867102092
 5.77320327330506e-05
 -3.49316659510016e-05
 -0.000111377982985714
 -0.000186213478930897
 -0.000263330725026834
 -0.000338368575446001
 -0.000406882015573291
 -0.000470376297706012
 -0.000530198986054551
 -0.000585962384992401
 -0.000639373591813251
 -0.000692259904147729
 -0.000742972288728134
 -0.000789197137409425
 -0.000830621021678641
 -0.000868702394302377
 -0.000904970290381299
 -0.000939684546513042
 -0.000972357346233192
 -0.00100227629782476
 -0.00102852966362462
 -0.00105082414621211
 -0.00106998679330827
 -0.00108721606091876
 -0.00110337881018838
 -0.00111883335202094
 -0.00113352569373808
 -0.00114711853106641
 -0.00115922766272891
 -0.00116958406432834
 -0.00117811501052499
 -0.0011848977636881
 -0.00119005228605787
 -0.0011937353900822
 -0.00119609049416617
 -0.00119725691502703
 -0.00119733875600962
 -0.00119639262254993
 -0.00119446031123833
 -0.00119155144265311
 -0.00118769127878539
 -0.001182934482302
 -0.00117734990537737
 -0.00117100808461273
 -0.00116396957794509
 -0.00115627991469745
 -0.00114797629856467
 -0.00113909499187123
 -0.00112967579147795
 -0.00111976235009326
 -0.0011093940181855
 -0.0010986037400683
 -0.00108741512767434
 -0.00107584364154256
 -0.00106390353081668
 -0.00105161009653732
 -0.00103898411092169
 -0.00102605208322455
 -0.00101284339532105
 -0.000999388418446539
 -0.0009857153522829
 -0.000971848056450049
 -0.000957807072002601
 -0.000943608383275385
 -0.000929266231621285
 -0.000914793166359363
 -0.000900202768651836
 -0.000885508723115544
 -0.000870725255823397
 -0.000855865775482248
 -0.000840944677664135
 -0.000825974189004162
 -0.000810965769019309
 -0.000795930576300913
 -0.000780877691641033
 -0.000765816854957963
 -0.000750756212699013
 -0.000735704593982252
 -0.000720669703175757
 -0.000705659044250169
 -0.000690679924482517
 -0.000675738566755217
 -0.000660841924404779
 -0.000645996318479472
 -0.000631207009815601
 -0.000616479567725394
 -0.000601819858081149
 -0.000587232248989447
 -0.00057272054797111
 -0.000558289800886874
 -0.000543943130944985
 -0.000529684026770595
 -0.000515515883662583
 -0.000501442005105974
 -0.00048746560425551
 -0.000473588914062809
 -0.000459815445664652
 -0.000446146826585908
 -0.000432585533685818
 -0.000419133973660667
 -0.000405793147105134
 -0.000392565366491588
 -0.000379452207853998
 -0.000366454845249838
 -0.000353574642136409
 -0.000340812832558973
 -0.000328170479905615
 -0.000315648570728293
 -0.000303247927341108
 -0.000290969301515996
 -0.000278813331524722
 -0.000266780634282488
 -0.000254871671737043
 -0.000243086844387557
 -0.000231426448153537
 -0.000219890721782597
 -0.000208479892771338
 -0.000197194043564338
 -0.00018603329401971
 -0.000174997532399737
 -0.000164086868052844
 -0.00015330108917376
 -0.000142640073799095
 -0.000132103697484313
 -0.000121691654781191
 -0.000111403687549858
 -0.000101239538603203
 -9.11987731244874e-05
 -8.12810960535824e-05
 -7.14860799778757e-05
 -6.18132582469996e-05
 -5.22622151451408e-05
 -4.28324503494684e-05
 -3.35235151244724e-05
 -2.4334787641177e-05
 -1.5265790294803e-05
 -6.31591752841546e-06
 2.51538198552471e-06
 1.12286963672335e-05
 1.98246940789625e-05
 2.83038986614441e-05
 3.66670500403239e-05
 4.49146966459967e-05
 5.30476027530934e-05
 6.10662960383971e-05
 6.89715654895852e-05
 7.6764052072488e-05
 8.44443872495327e-05
 9.20133270997585e-05
 9.9471570166144e-05
 0.000106819803939829
 0.000114058660736883
 0.000121188942393296
 0.000128211347528059
 0.000135126519469928
 0.000141935226379186
 0.000148638179068935
 0.000155236077464002
 0.000161729611019504
 0.000168119548260681
 0.000174406556049008
 0.000180591381155484
 0.000186674714070125
 0.000192657235421531
 0.000198539750056326
 0.000204322871147907
 0.000210007338336967
 0.000215593835487668
 0.000221083081649454
 0.000226475807698518
 0.000231772653495202
 0.000236974331281168
 0.000242081534285973
 0.000247094946287709
 0.000252015246414703
 0.000256843122707659
 0.000261579245135971
 0.000266224292955438
 0.00027077892771192
 0.000275243825043348
 0.000279619643071482
 0.000283907040825198
 0.000288106678249743
 0.000292219207300175
 0.000296245272232007
 0.000300185518796839
 0.000304040594230216
 0.000307811129410902
 0.000311497766157406
 0.000315101130171939
 0.000318621849414286
 0.000322060549606224
 0.00032541785433442
 0.000328694371779149
 0.000331890721978232
 0.000335007514195826
 0.000338045356208798
 0.000341004845470379
 0.00034388659175309
 0.000346691185586546
 0.000349419221182877
 0.000352071287434458
 0.000354647977024471
 0.000357149872961855
 0.000359577553372447
 0.000361931605051417
 0.000364212592014035
 0.000366421096358428
 0.000368557682059287
 0.000370622922309689
 0.000372617372509825
 0.000374541606511672
 0.00037639617594122
 0.00037818163766903
 0.000379898549208303
 0.000381547459800783
 0.000383128919613899
 0.000384643479730698
 0.000386091678768365
 0.000387474061121398
 0.000388791167881911
 0.000390043541418047
 0.000391231707521851
 0.000392356211608559
 0.000393417582451198
 0.000394416341638219
 0.000395353030558526
 0.000396228165214462
 0.000397042277154215
 0.000397795886247355
 0.000398489514437825
 0.000399123676774739
 0.000399698899469117
 0.000400215688348574
 0.000400674565169746
 0.000401076035920519
 0.000401420622526522
 0.00040170882223707
 0.000401941152985077
 0.000402118117077726
 0.000402240219524573
 0.000402307967954622
 0.00040232186362049
 0.000402282406059274
 0.000402190097604708
 0.000402045438840405
 0.000401848919740227
 0.000401601042289177
 0.000401302306726955
 0.00040095319377119
 0.000400554209804191
 0.000400105837024252
 0.000399608574320775
 0.000399062901080743
 0.000398469313457001
 0.000397828297084136
 0.000397140340773372
 0.000396405923030194
 0.000395625530199245
 0.000394799651745541
 0.000393928762313272
 0.000393013344468423
 0.000392053883975018
 0.00039105085184908
 0.000390004731553186
 0.000388915996298386
 0.000387785127179382
 0.000386612599533059
 0.000385398883101112
 0.000384144455558253
 0.000382849784410082
 0.000381515345121591
 0.000380141607469195
 0.000378729040153703
 0.000377278115265926
 0.000375789294781412
 0.000374263048683126
 0.000372699841307853
 0.000371100140410334
 0.00036946440811046
 0.000367793105498779
 0.000366086692638237
 0.000364345637478305
 0.000362570397742016
 0.000360761430130696
 0.000358919190322203
 0.000357044141881667
 0.000355136738145244
 0.000353197426965044
 0.000351226673130713
 0.000349224926591708
 0.000347192631802943
 0.000345130250144317
 0.00034303822368436
 0.000340917002493741
 0.000338767035433908
 0.000336588765694218
 0.000334382648754889
 0.000332149116293975
 0.000329888617011214
 0.000327601589298097
 0.000325288483801677
 0.000322949727329632
 0.000320585768128908
 0.000318197035040915
 0.000315783969266274
 0.00031334700609183
 0.000310886575025599
 0.000308403113298296
 0.000305897047735468
 0.000303368808404565
 0.000300818823999575
 0.000298247521828219
 0.000295655327798872
 0.000293042666407225
 0.000290409960722699
 0.000287757632374625
 0.000285086097081568
 0.000282395778150213
 0.000279687092801663
 0.000276960456759681
 0.000274216279779281
 0.000271454979144919
 0.000268676970452806
 0.000265882654228795
 0.000263072443085468
 0.000260246743444597
 0.000257405960124488
 0.000254550496324385
 0.000251680758065447
 0.000248797140661898
 0.00024590004236451
 0.000242989864198579
 0.000240067000891576
 0.000237131841003426
 0.000234184784880304
 0.000231226217466286
 0.000228256526549509
 0.000225276102600012
 0.000222285325240688
 0.000219284585803936
 0.000216274255686698
 0.000213254722566466
 0.000210226358610206
 0.000207189543177343
 0.00020414465360137
 0.000201092051807231
 0.00019803211592474
 0.000194965212954449
 0.000191891707957843
 0.000188811968498583
 0.000185726351114081
 0.00018263522387287
 0.00017953893918707
 0.000176437856516148
 0.000173332328692695
 0.00017022270651047
 0.000167109347623002
 0.000163992593959462
 0.000160872794428974
 0.000157750291246993
 0.000154625428980603
 0.000151498545477995
 0.000148369976457397
 0.000145240064406593
 0.000142109140456376
 0.000138977529116085
 0.00013584557068666
 0.000132713585018614
 0.000129581898820614
 0.000126450836443959
 0.000123320710959607
 0.000120191851174874
 0.000117064565392203
 0.000113939173175215
 0.000110815978164255
 0.000107695299696591
 0.000104577436565855
 0.000101462694332122
 9.83513805645549e-05
 9.52437868635075e-05
 9.2140220481594e-05
 8.90409680840069e-05
 8.5946327516135e-05
 8.28565895339931e-05
 7.97720423997985e-05
 7.66929718748764e-05
 7.36196612127465e-05
 7.05523911523937e-05
 6.7491439911725e-05
 6.44370876378557e-05
 6.1389602887822e-05
 5.83492651951608e-05
 5.53163378916766e-05
 5.22910908205591e-05
 4.92737866716053e-05
 4.62646900354039e-05
 4.32640583417484e-05
 4.02721509141658e-05
 3.72892199086769e-05
 3.43155238253179e-05
 3.13513093907744e-05
 2.83968252164087e-05
 2.54523171943163e-05
 2.25180284963875e-05
 1.95941951168816e-05
 1.66810638415626e-05
 1.37788650748377e-05
 1.08878355582094e-05
 8.00820025415391e-06
 5.14019491868914e-06
 2.28404784238506e-06
 -5.60024456833076e-07
 -3.39179911738067e-06
 -6.2110516794975e-06
 -9.01756513804108e-06
 -1.18111297925393e-05
 -1.45915341868563e-05
 -1.73585607947276e-05
 -2.01120041285686e-05
 -2.28516615296239e-05
 -2.55773331636933e-05
 -2.82888086468064e-05
 -3.09858942101361e-05
 -3.36683988869708e-05
 -3.63361211381825e-05
 -3.89888715602812e-05
 -4.16264636720039e-05
 -4.4248704993241e-05
 -4.68554151501247e-05
 -4.94464077482083e-05
 -5.20215084775026e-05
 -5.45805325289552e-05
 -5.71233117559025e-05
 -5.96496719443299e-05
 -6.2159437547902e-05
 -6.46524407304301e-05
 -6.71285212057269e-05
 -6.95875127105566e-05
 -7.20292566499832e-05
 -7.44535974805999e-05
 -7.68603826966086e-05
 -7.92494539026101e-05
 -8.16206738259138e-05
 -8.39738945274095e-05
 -8.6308980106428e-05
 -8.86257974841305e-05
 -9.09242163925164e-05
 -9.32041182766287e-05
 -9.54653870837114e-05
 -9.77079181711401e-05
 -9.99316180144628e-05
 -0.000102136399464491
 -0.000104322194979724
 -0.000106488947148478
 -0.000108636621791913
 -0.000110765207272711
 -0.00011287472273094
 -0.000114965221590499
 -0.000117036790484953
 -0.000119089583858298
 -0.000121123808418411
 -0.000123139757087654
 -0.000125137815102774
 -0.00012711850153915
 -0.000129082491638826
 -0.000131030651739825
 -0.000132964117589471
 -0.000134884329957934
