# Created by Octave 2.1.71, Tue Aug 23 10:39:56 2005 CEST <hermanek@staflik>
# name: h
# type: matrix
# rows: 512
# columns: 1
 -4.27862529979746e-07
 -4.47603701083236e-07
 -4.69892692133802e-07
 -4.95068084048106e-07
 -5.23530521837167e-07
 -5.55742366134266e-07
 -5.92256745236539e-07
 -6.33709995870592e-07
 -6.80872247480286e-07
 -7.34633954886751e-07
 -7.96073030794588e-07
 -8.66457380234321e-07
 -9.47309673109495e-07
 -1.04043876381408e-06
 -1.14802348093352e-06
 -1.27265795870577e-06
 -1.41744438982327e-06
 -1.58608709101029e-06
 -1.78295660648926e-06
 -2.01319162456819e-06
 -2.28272604990134e-06
 -2.59827479203652e-06
 -2.96715479734848e-06
 -3.39683520390614e-06
 -3.89403820682207e-06
 -4.46290163388473e-06
 -5.10206881672304e-06
 -5.79871313722127e-06
 -6.51935617328213e-06
 -7.19315480680003e-06
 -7.68387838199024e-06
 -7.74274538200405e-06
 -6.92710237091013e-06
 -4.46284139873391e-06
 9.93232834990599e-07
 1.17636447682915e-05
 3.18601729027892e-05
 6.81561015685367e-05
 0.000131632745199612
 0.00022994574078958
 0.00044421662600136
 0.00177804122409319
 0.00368327459996465
 0.00476568733324553
 0.0048713300136853
 0.00440342922673426
 0.00373110481045778
 0.00306163056242497
 0.00247980303707262
 0.00200449631528474
 0.00162630384199279
 0.00132708634491625
 0.00108860720759261
 0.000895550138434149
 0.000736064601342697
 0.000601383561692683
 0.000485189353946001
 0.000382963179669952
 0.000291515075968652
 0.000208590740035967
 0.000132584103311118
 6.23301141630456e-05
 -2.99800575030986e-06
 -6.40240135566114e-05
 -0.000121214995631808
 -0.000174935213777384
 -0.000225462623541691
 -0.000273036094416787
 -0.000317847663548358
 -0.000360066248163507
 -0.000399829415961273
 -0.000437271080840354
 -0.000472503753235866
 -0.000505641471344203
 -0.000536772979867135
 -0.00056599370587698
 -0.000593392149750017
 -0.000619050080470909
 -0.000643038270202366
 -0.000665430194612907
 -0.000686301926817144
 -0.000705714206874772
 -0.000723726282654023
 -0.000740404854703426
 -0.000755801537534621
 -0.000769975608521635
 -0.000782975921396348
 -0.000794854594334021
 -0.000805657978639727
 -0.000815431286144024
 -0.000824218613201336
 -0.0008320674207967
 -0.00083901504436847
 -0.000845097918873375
 -0.000850351597716383
 -0.000854819684541223
 -0.000858531281722961
 -0.000861519270119846
 -0.000863815723462442
 -0.000865447468570509
 -0.000866454071601543
 -0.000866851768496481
 -0.000866674312466998
 -0.000865945667860975
 -0.000864689227990645
 -0.000862927826987601
 -0.00086068820803533
 -0.00085799197822194
 -0.000854860222411108
 -0.000851309948704339
 -0.000847363126819178
 -0.000843037610913433
 -0.000838351722090683
 -0.000833322891466886
 -0.00082796812925013
 -0.000822302696348665
 -0.000816342384061914
 -0.000810102155789433
 -0.000803595723455091
 -0.000796836920441926
 -0.000789839248160544
 -0.000782614545759426
 -0.000775175267960511
 -0.000767532679289896
 -0.000759697334376327
 -0.000751679543208635
 -0.000743487593341716
 -0.000735130040251825
 -0.000726613913831208
 -0.000717945210699907
 -0.000709131153887545
 -0.000700178814951435
 -0.000691094671219288
 -0.000681887296935619
 -0.000672564174497052
 -0.000663133063986526
 -0.000653602437744854
 -0.000643980118190072
 -0.000634274187431574
 -0.00062449119387924
 -0.000614638872990631
 -0.000604723878827249
 -0.00059475270768217
 -0.000584731701071579
 -0.000574666602997931
 -0.000564563022798506
 -0.000554426437653862
 -0.000544262195042676
 -0.000534075069480111
 -0.000523870170517317
 -0.000513651593435841
 -0.000503424232802818
 -0.000493191972796316
 -0.000482959055014499
 -0.000472729174369139
 -0.000462505940873768
 -0.000452293772443559
 -0.000442095193711845
 -0.000431914014959284
 -0.000421753507277686
 -0.000411615972874363
 -0.000401505003352298
 -0.000391423654797195
 -0.000381374018006929
 -0.000371358585370375
 -0.000361380237179336
 -0.000351441336894823
 -0.000341544192322172
 -0.000331690610819363
 -0.00032188280580045
 -0.000312122491631215
 -0.000302412235769918
 -0.000292753647988713
 -0.000283147855775391
 -0.000273596856132226
 -0.000264102595791045
 -0.000254666526319544
 -0.000245289173532894
 -0.000235972840564993
 -0.000226718430789483
 -0.000217527274469433
 -0.000208400668902441
 -0.000199339433179492
 -0.000190344814248955
 -0.000181417581382584
 -0.000172558932232026
 -0.000163770032951686
 -0.000155051127271799
 -0.000146402902525345
 -0.000137826920791058
 -0.000129322916368677
 -0.000120892419060715
 -0.000112536022405687
 -0.000104253413007185
 -9.60460732455513e-05
 -8.79136581830864e-05
 -7.9857618846123e-05
 -7.18775791303645e-05
 -6.39745134189826e-05
 -5.6148608499603e-05
 -4.84000013657627e-05
 -4.07291370678256e-05
 -3.31363574539295e-05
 -2.56219041078773e-05
 -1.8185965795003e-05
 -1.08287689852549e-05
 -3.55053178654463e-06
 3.6486252233231e-06
 1.07685424658542e-05
 1.78090674488734e-05
 2.47701885209359e-05
 3.16517632288146e-05
 3.84537455827164e-05
 4.51761386696683e-05
 5.18188596220245e-05
 5.83819208721238e-05
 6.48653827832621e-05
 7.12692186354231e-05
 7.75935404632231e-05
 8.38383274393626e-05
 9.00036977316941e-05
 9.60897260103131e-05
 0.000102096489599606
 0.00010802415772996
 0.000113872855088888
 0.000119642618855469
 0.000125333713662999
 0.000130946267977745
 0.000136480412308054
 0.000141936368456122
 0.000147314313069232
 0.000152614423807147
 0.000157836968608913
 0.000162982080125989
 0.000168050027600132
 0.000173041078957367
 0.000177955411848946
 0.000182793294949149
 0.000187554951495808
 0.000192240739146521
 0.000196850833841647
 0.000201385547704907
 0.000205845146565334
 0.00021022994069044
 0.000214540194354843
 0.000218776216563317
 0.000222938270609541
 0.000227026753922313
 0.000231041926485241
 0.000234984093596687
 0.000238853559975251
 0.000242650719021952
 0.000246375827249022
 0.00025002923158729
 0.000253611322041159
 0.000257122396698118
 0.000260562843023872
 0.000263932912267596
 0.000267233035879158
 0.000270463552445601
 0.000273624799865717
 0.000276717160029817
 0.0002797410129306
 0.000282696647665073
 0.000285584488260825
 0.000288404911181257
 0.000291158291476212
 0.000293844958333445
 0.000296465330323607
 0.000299019734350879
 0.000301508631484901
 0.000303932345338814
 0.000306291289355064
 0.000308585830306628
 0.00031081633441587
 0.000312983256574238
 0.000315086959296124
 0.00031712780485481
 0.000319106199924598
 0.000321022549654999
 0.000322877302336181
 0.000324670769796774
 0.000326403354653318
 0.000328075547475221
 0.000329687656608127
 0.000331240170574679
 0.000332733395834419
 0.000334167819178283
 0.000335543790048786
 0.000336861761167239
 0.000338122111467854
 0.000339325255450642
 0.000340471606434302
 0.00034156157217231
 0.000342595568435873
 0.00034357400096503
 0.000344497288105508
 0.000345365838154531
 0.000346180067538684
 0.000346940391670542
 0.000347647225008402
 0.000348300981113449
 0.000348902077161086
 0.000349450929393353
 0.000349947953171768
 0.000350393571941094
 0.000350788199164547
 0.000351132252031944
 0.000351426151360118
 0.000351670317037511
 0.000351865163612777
 0.00035201111385101
 0.000352108589572125
 0.000352158007236207
 0.00035215978703994
 0.000352114348351769
 0.000352022114204619
 0.000351883506730246
 0.000351698942737886
 0.000351468847260825
 0.000351193635472127
 0.000350873735287132
 0.000350509564675876
 0.00035010154089525
 0.000349650089427104
 0.000349155630345189
 0.000348618582942622
 0.000348039374668234
 0.000347418414121888
 0.000346756136219678
 0.0003460529478677
 0.000345309282330021
 0.000344525549356242
 0.00034370217603358
 0.000342839579484288
 0.000341938176086024
 0.000340998394855202
 0.000340020641376465
 0.000339005347561606
 0.00033795292622777
 0.000336863793973954
 0.000335738366588566
 0.000334577072428644
 0.000333380316345365
 0.000332148520525848
 0.000330882106093899
 0.000329581479751144
 0.000328247060956453
 0.000326879268126529
 0.000325478509730754
 0.000324045202411304
 0.000322579761783781
 0.00032108259798598
 0.000319554120282249
 0.000317994745977478
 0.000316404886760705
 0.00031478494439676
 0.000313135337753785
 0.000311456475485223
 0.000309748760778665
 0.000308012600411413
 0.00030624840905936
 0.000304456586725186
 0.000302637541454209
 0.000300791675671526
 0.000298919395237326
 0.000297021100385659
 0.000295097194778558
 0.000293148085356949
 0.000291174159910794
 0.000289175832217243
 0.000287153492144942
 0.000285107537570448
 0.000283038365167052
 0.000280946374855476
 0.000278831956284352
 0.000276695506939304
 0.000274537414019722
 0.000272358076557996
 0.000270157879590352
 0.000267937213718557
 0.00026569646730732
 0.000263436027396885
 0.000261156280140374
 0.000258857609443836
 0.00025654039966021
 0.000254205032848505
 0.000251851890130793
 0.000249481351222695
 0.000247093794869559
 0.000244689597931078
 0.000242269136722918
 0.000239832785640877
 0.000237380918502373
 0.000234913906279145
 0.00023243212069559
 0.000229935930135171
 0.000227425702361976
 0.000224901804035354
 0.00022236459934798
 0.000219814452718012
 0.000217251725155291
 0.000214676777428134
 0.000212089968671924
 0.000209491655487118
 0.000206882194185433
 0.000204261938952774
 0.000201631242744231
 0.000198990455476078
 0.000196339927623244
 0.000193680006570657
 0.000191011037982875
 0.000188333367129829
 0.000185647336158583
 0.000182953286354186
 0.000180251557208352
 0.000177542485963026
 0.000174826408505249
 0.000172103658896086
 0.000169374569805512
 0.000166639471150322
 0.000163898692340626
 0.000161152559551867
 0.000158401397985984
 0.000155645531386122
 0.000152885280229315
 0.000150120964433423
 0.000147352901520657
 0.000144581407067672
 0.000141806794695412
 0.000139029376059036
 0.00013624946128357
 0.000133467357602658
 0.000130683371605961
 0.000127897806512142
 0.000125110964876715
 0.000122323145865207
 0.000119534647515531
 0.000116745765808322
 0.000113956794212272
 0.000111168024135224
 0.000108379745806425
 0.000105592246456268
 0.000102805810782357
 0.000100020722737754
 9.72372632508196e-05
 9.44557111373181e-05
 9.16763435377526e-05
 8.88994345578668e-05
 8.61252570721906e-05
 8.33540813502085e-05
 8.05861748849569e-05
 7.78218040544234e-05
 7.50612322980891e-05
 7.23047209364447e-05
 6.95525291176206e-05
 6.68049136319445e-05
 6.40621290443583e-05
 6.13244275551917e-05
 5.85920591327726e-05
 5.58652713744016e-05
 5.31443095054705e-05
 5.0429416512344e-05
 4.77208328253485e-05
 4.50187966358735e-05
 4.23235436686078e-05
 3.96353072507832e-05
 3.69543182277665e-05
 3.42808049928573e-05
 3.16149934449377e-05
 2.89571070144431e-05
 2.63073665103639e-05
 2.36659902352351e-05
 2.10331938737892e-05
 1.84091905903483e-05
 1.5794190677626e-05
 1.31884018854836e-05
 1.05920292492021e-05
 8.00527492346896e-06
 5.4283382893639e-06
 2.86141592454295e-06
 3.04700950754396e-07
 -2.24161554730278e-06
 -4.77734617865478e-06
 -7.30230733418303e-06
 -9.81631735489176e-06
 -1.23191983236257e-05
 -1.48107769078364e-05
 -1.72908820549004e-05
 -1.97593467714215e-05
 -2.22160085081633e-05
 -2.46607077490853e-05
 -2.7093291101329e-05
 -2.95136071547716e-05
 -3.19215118318924e-05
 -3.43168642066295e-05
 -3.66995304773893e-05
 -3.90693811268062e-05
 -4.14262944099525e-05
 -4.37701539357476e-05
 -4.61008521173222e-05
 -4.84182890533498e-05
 -5.07223736708195e-05
 -5.30130252743082e-05
 -5.52901732599194e-05
 -5.75537612915466e-05
 -5.9803744654542e-05
 -6.20400961570029e-05
 -6.42628060436965e-05
 -6.64718841347264e-05
 -6.86673650087422e-05
 -7.08493090013743e-05
