# Created by Octave 2.1.71, Tue Aug 23 10:39:56 2005 CEST <hermanek@staflik>
# name: h
# type: matrix
# rows: 512
# columns: 1
 3.60863166081145e-06
 3.55418298518875e-06
 3.49945567031774e-06
 3.44378576650114e-06
 3.38633930181997e-06
 3.32604668666841e-06
 3.26155711843262e-06
 3.19113660583714e-06
 3.11254709560301e-06
 3.02288506445137e-06
 2.9183541855218e-06
 2.79394305303278e-06
 2.64299773304869e-06
 2.45659905363003e-06
 2.22267976585394e-06
 1.92480103918313e-06
 1.54034554581678e-06
 1.03803493105026e-06
 3.74397425812043e-07
 -5.11056029858045e-07
 -1.70207633430406e-06
 -3.31301675027427e-06
 -5.49520670742363e-06
 -8.43608988671375e-06
 -1.23338018734567e-05
 -1.73023959511283e-05
 -2.30946488781351e-05
 -2.83534088415847e-05
 -2.86473389491551e-05
 -1.14154200958718e-05
 4.95143962596667e-05
 0.000478481821407809
 0.00246478874251865
 0.00404995078850179
 0.00429004472690312
 0.00380390381262483
 0.00315882759592986
 0.00258978405936633
 0.0021457415096873
 0.0018098670174386
 0.00155266414770164
 0.0013489954630268
 0.00118107258056729
 0.00103726192528999
 0.000910222090967361
 0.00079537961414634
 0.000689888933725282
 0.00059193673905867
 0.000500344361319375
 0.000414320726074281
 0.0003332987792718
 0.000256866163278659
 0.000184684670786184
 0.000116496908010255
 5.20658684102583e-05
 -8.80336101467729e-06
 -6.63005337200599e-05
 -0.00012058361251923
 -0.000171806474997118
 -0.000220118999871613
 -0.000265653781532662
 -0.00030853555552883
 -0.000348890326999059
 -0.000386823011684566
 -0.000422453730732132
 -0.000455877183698898
 -0.000487199083808316
 -0.000516509038446683
 -0.000543898863001433
 -0.000569458028585794
 -0.000593264798216466
 -0.000615399931504856
 -0.000635937669584341
 -0.000654945921749084
 -0.000672504274752548
 -0.000688663489153496
 -0.000703499881970753
 -0.000717065469556655
 -0.000729419922323934
 -0.000740621391646196
 -0.00075071762846034
 -0.00075976412741203
 -0.000767806038494019
 -0.00077488739667734
 -0.000781055601950073
 -0.000786352385715535
 -0.000790818435954028
 -0.00079448896239893
 -0.00079740723099515
 -0.000799606468854326
 -0.000801123543993134
 -0.000801982795234774
 -0.000802222718289662
 -0.000801870993158518
 -0.00080095685305767
 -0.000799506570192465
 -0.000797546662183735
 -0.000795099865821342
 -0.000792187924953005
 -0.000788830724776344
 -0.000785046791217627
 -0.000780855557524044
 -0.000776275101811285
 -0.000771324859203388
 -0.000766023790611718
 -0.000760390392435963
 -0.000754441814723451
 -0.000748196127408699
 -0.000741669166190939
 -0.000734877718646664
 -0.000727835923761347
 -0.000720558917359502
 -0.000713061013346458
 -0.000705355279956116
 -0.000697454912514834
 -0.000689371888515923
 -0.000681118339793969
 -0.000672705652686976
 -0.000664144933998904
 -0.000655447016553612
 -0.000646621127635876
 -0.000637677611251417
 -0.000628625661162855
 -0.000619473800300556
 -0.00061023168214628
 -0.000600906486477916
 -0.000591506561096993
 -0.000582039153786245
 -0.000572511781994141
 -0.000562931330562774
 -0.000553304069646211
 -0.000543637454913693
 -0.000533936076476045
 -0.000524207096461027
 -0.000514455262628199
 -0.000504686103186402
 -0.000494904563181347
 -0.000485115912710408
 -0.000475324843492306
 -0.000465535485653057
 -0.000455752315493661
 -0.000445979251622442
 -0.000436220562641438
 -0.000426479071871123
 -0.000416759321919652
 -0.000407063953126145
 -0.000397396437019008
 -0.000387760157317496
 -0.000378157520143254
 -0.000368591321160895
 -0.000359064732146354
 -0.000349579950840205
 -0.000340138676688681
 -0.000330744354302774
 -0.000321398551373687
 -0.000312103245950979
 -0.000302860366923495
 -0.000293671794770887
 -0.000284539362300911
 -0.000275464855372884
 -0.000266449567943486
 -0.000257494762747466
 -0.000248602117350756
 -0.000239772818884932
 -0.000231008470366535
 -0.00022230929408482
 -0.000213677294863395
 -0.000205113528552851
 -0.000196618131613712
 -0.000188192355580418
 -0.000179837194010193
 -0.00017155334556199
 -0.000163341445750303
 -0.000155202202224409
 -0.000147136213756199
 -0.000139144062412982
 -0.000131226269106466
 -0.000123383250573386
 -0.000115615456023935
 -0.000107923321169916
 -0.000100307134583083
 -9.2767264881625e-05
 -8.53039350050268e-05
 -7.79174939410822e-05
 -7.0608011277782e-05
 -6.33758206294536e-05
 -5.62209315431788e-05
 -4.91435743632757e-05
 -4.21437918120918e-05
 -3.52217121077947e-05
 -2.83773231440662e-05
 -2.16106549911324e-05
 -1.49217337517141e-05
 -8.31058145002697e-06
 -1.77708222597836e-06
 4.6787906390388e-06
 1.10571114717978e-05
 1.7358000896723e-05
 2.35814908509858e-05
 2.9727795017609e-05
 3.57969912386666e-05
 4.17892934293999e-05
 4.77048245747573e-05
 5.35437980673684e-05
 5.93063812873018e-05
 6.49928309301944e-05
 7.06033120388908e-05
 7.61380347814863e-05
 8.15972977351002e-05
 8.69813514963664e-05
 9.22904003404575e-05
 9.75247375431204e-05
 0.00010268460897282
 0.000107770348431065
 0.000112782241262488
 0.000117720526013508
 0.00012258552975407
 0.000127377620802376
 0.000132097029236174
 0.000136744074252905
 0.000141319161442661
 0.000145822557283293
 0.000150254616512679
 0.000154615645714331
 0.000158906038651447
 0.000163126139870958
 0.000167276201790006
 0.000171356699709787
 0.000175367968244652
 0.000179310295014355
 0.000183184055942978
 0.000186989712527902
 0.000190727541764743
 0.000194397909514451
 0.000198001223188905
 0.000201537841356893
 0.000205008164503932
 0.000208412500060776
 0.000211751288283653
 0.000215024919812351
 0.000218233737306201
 0.000221378126177469
 0.000224458424160482
 0.000227475145734674
 0.000230428530857074
 0.00023331904402307
 0.000236147099762808
 0.00023891301970628
 0.00024161716931082
 0.000244260001095846
 0.00024684191820582
 0.000249363231456775
 0.000251824385178527
 0.000254225774735688
 0.000256567748127521
 0.00025885071005604
 0.000261075062227722
 0.000263241194574628
 0.000265349485670939
 0.000267400334335924
 0.000269394127831696
 0.000271331255640791
 0.000273212109434382
 0.000275037078583074
 0.000276806550266788
 0.000278520914037608
 0.000280180561779207
 0.000281785883209076
 0.000283337265980065
 0.00028483510023511
 0.000286279774102103
 0.000287671673788262
 0.000289011192584511
 0.00029029871284041
 0.000291534624167806
 0.000292719314322765
 0.000293853169290121
 0.000294936577821657
 0.00029596992691485
 0.000296953597434905
 0.000297887982160322
 0.000298773463140166
 0.000299610425426637
 0.000300399252542808
 0.000301140331007196
 0.000301834041342635
 0.000302480771655168
 0.000303080904038032
 0.000303634823691943
 0.000304142905470373
 0.000304605540964802
 0.000305023106786205
 0.000305395982881621
 0.000305724552440167
 0.000306009197343256
 0.000306250298215483
 0.000306448234473398
 0.000306603379915564
 0.000306716125193649
 0.000306786837169636
 0.000306815899791304
 0.000306803691269159
 0.0003067505887193
 0.000306656968201616
 0.00030652320921284
 0.000306349681208104
 0.000306136766206487
 0.000305884840563187
 0.000305594275148372
 0.000305265444434675
 0.000304898721923847
 0.000304494484631378
 0.000304053104056487
 0.000303574955266585
 0.000303060403407699
 0.000302509830755852
 0.000301923600508963
 0.000301302084127889
 0.000300645656608529
 0.000299954682988593
 0.000299229532025499
 0.000298470580524226
 0.000297678186327299
 0.000296852724561696
 0.000295994560334157
 0.00029510405794964
 0.000294181589836318
 0.000293227518443299
 0.000292242205455907
 0.000291226020717571
 0.000290179324124554
 0.000289102479294946
 0.00028799585343125
 0.000286859803815151
 0.000285694695930425
 0.000284500889809767
 0.000283278744642896
 0.000282028623237666
 0.000280750878510621
 0.000279445871605841
 0.000278113967151103
 0.000276755510835921
 0.000275370870100772
 0.000273960388848773
 0.000272524432736397
 0.000271063352797128
 0.000269577499248022
 0.000268067230400443
 0.000266532894543992
 0.000264974843605099
 0.000263393428542918
 0.000261788999347525
 0.000260161905037576
 0.000258512489200826
 0.000256841107960542
 0.000255148102799295
 0.000253433818816801
 0.000251698604578988
 0.000249942798599735
 0.000248166742994587
 0.000246370787785241
 0.000244555268323629
 0.000242720528003937
 0.000240866900139549
 0.000238994730528182
 0.000237104350271708
 0.000235196102943466
 0.000233270317407431
 0.000231327326071629
 0.000229367473646234
 0.000227391081051638
 0.000225398486243613
 0.000223390016884919
 0.000221365999540955
 0.000219326768582782
 0.000217272643607092
 0.000215203956600943
 0.000213121029215118
 0.000211024186415373
 0.00020891375187136
 0.000206790039034931
 0.000204653378157797
 0.000202504084507583
 0.000200342472164462
 0.000198168858465779
 0.000195983563850767
 0.000193786898338224
 0.000191579170719814
 0.000189360701917548
 0.000187131793345215
 0.000184892754217359
 0.000182643901247208
 0.000180385527154066
 0.000178117945941823
 0.000175841460967649
 0.00017355636968109
 0.000171262977127178
 0.000168961577820473
 0.000166652469394322
 0.000164335956901246
 0.000162012325776649
 0.000159681873603933
 0.00015734489184225
 0.000155001674875877
 0.000152652502034334
 0.000150297669211326
 0.000147937465992712
 0.000145572166882335
 0.000143202058464342
 0.000140827425587674
 0.000138448542445814
 0.000136065695139398
 0.000133679158950528
 0.000131289203081891
 0.000128896104160005
 0.000126500137022788
 0.000124101570256203
 0.000121700670787396
 0.000119297712788361
 0.000116892955096802
 0.00011448665946875
 0.000112079099336237
 0.000109670523715271
 0.000107261198031256
 0.000104851376791181
 0.000102441317236813
 0.000100031274735822
 9.76214983191798e-05
 9.52122397317374e-05
 9.28037488236092e-05
 9.03962690878329e-05
 8.79900511678683e-05
 8.55853347361416e-05
 8.31823621479128e-05
 8.07813782897489e-05
 7.83826126045304e-05
 7.59863107153458e-05
 7.3592702645204e-05
 7.12020210742067e-05
 6.88144967318495e-05
 6.64303628489181e-05
 6.40498460963681e-05
 6.16731711835819e-05
 5.93005653105278e-05
 5.69322446502702e-05
 5.45684369172706e-05
 5.22093541908027e-05
 4.9855220086284e-05
 4.75062425788757e-05
 4.51626411750038e-05
 4.28246241927963e-05
 4.04924068773233e-05
 3.81661888273869e-05
 3.58461811673912e-05
 3.35325882847799e-05
 3.12256168891664e-05
 2.89254580422915e-05
 2.66323187868638e-05
 2.43463948278545e-05
 2.20678797381243e-05
 1.97969694150833e-05
 1.7533853024325e-05
 1.52787265159125e-05
 1.30317745116702e-05
 1.07931839677608e-05
 8.56313957518764e-06
 6.34182821983668e-06
 4.12942547280693e-06
 1.92611816646836e-06
 -2.67922774428955e-07
 -2.45251069714946e-06
 -4.62748390292431e-06
 -6.79265589536745e-06
 -8.94786526504387e-06
 -1.10929348481382e-05
 -1.32277034950863e-05
 -1.53519988885427e-05
 -1.74656557959005e-05
 -1.95685159135173e-05
 -2.16604143440616e-05
 -2.37411887896365e-05
 -2.58106839959307e-05
 -2.78687426833276e-05
 -2.99152101373627e-05
 -3.19499341964014e-05
 -3.39727563261026e-05
 -3.59835341768315e-05
 -3.79821188528285e-05
 -3.99683551895985e-05
 -4.19421087652375e-05
 -4.39032341104381e-05
 -4.58515929559563e-05
 -4.77870407019191e-05
 -4.9709448972956e-05
 -5.1618682885112e-05
 -5.35146146909301e-05
 -5.53971191624859e-05
 -5.72660735773403e-05
 -5.91213577045546e-05
 -6.09628671606889e-05
 -6.27904906831288e-05
 -6.46041371513585e-05
 -6.64037127199537e-05
 -6.81891432457651e-05
 -6.99603647994119e-05
 -7.17173233880584e-05
 -7.34599925102177e-05
 -7.51883678599053e-05
 -7.69024621910246e-05
 -7.86023449050968e-05
 -8.02881090544447e-05
 -8.19599062342115e-05
